{
 "cells": [
  {
   "cell_type": "markdown",
   "id": "cc1e3027",
   "metadata": {},
   "source": [
    "### NumPy Practice – Day 2 (Thinking More)\n",
    "\n",
    "**Setup**\n",
    "\n",
    "1. Create a NumPy array called `A` of shape `(6, 12)`.\n",
    "2. Fill it with random integers between 10 and 200.\n",
    "\n"
   ]
  },
  {
   "cell_type": "code",
   "execution_count": 71,
   "id": "94bbda83",
   "metadata": {},
   "outputs": [],
   "source": [
    "import numpy as np"
   ]
  },
  {
   "cell_type": "code",
   "execution_count": 72,
   "id": "ecb04b86",
   "metadata": {},
   "outputs": [],
   "source": [
    "def resetA():\n",
    "    np.random.seed(42)\n",
    "    global A\n",
    "    A = np.random.randint(10,201,size=(6,12))\n",
    "resetA()"
   ]
  },
  {
   "cell_type": "markdown",
   "id": "c8fcd9ab",
   "metadata": {},
   "source": [
    "### Part 1: Precision Indexing\n",
    "\n",
    "1. Extract the 2nd, 4th, and 6th rows only (in that order).\n",
    "2. Extract columns 0, 3, 7, and 11.\n",
    "3. From the whole matrix, extract a submatrix containing:\n",
    "\n",
    "   * rows 1 to 4\n",
    "   * every 2nd column\n",
    "4. Get the bottom-right 3×4 block."
   ]
  },
  {
   "cell_type": "code",
   "execution_count": 73,
   "id": "3650cde5",
   "metadata": {},
   "outputs": [
    {
     "data": {
      "text/plain": [
       "array([[112, 189, 102,  24, 116,  81, 198,  30, 112, 131,  84,  97],\n",
       "       [126, 109, 113, 161, 140, 159,  62,  11,  97, 167,  47, 139],\n",
       "       [197,  30, 170,  67,  31,  98,  58,  68, 179, 197,  24, 199],\n",
       "       [199, 184, 199,  60, 117,  64,  73, 140,  60, 144,  30,  82],\n",
       "       [176,  27, 141,  98,  69,  23,  18,  99,  62, 139,  93, 101],\n",
       "       [120, 197, 181,  17, 184,  44,  90, 173,  59, 113, 141,  11]],\n",
       "      dtype=int32)"
      ]
     },
     "execution_count": 73,
     "metadata": {},
     "output_type": "execute_result"
    }
   ],
   "source": [
    "A"
   ]
  },
  {
   "cell_type": "code",
   "execution_count": 83,
   "id": "88fbb332",
   "metadata": {},
   "outputs": [
    {
     "data": {
      "text/plain": [
       "array([[126, 109, 113, 161, 140, 159,  62,  11,  97, 167,  47, 139],\n",
       "       [199, 184, 199,  60, 117,  64,  73, 140,  60, 144,  30,  82],\n",
       "       [120, 197, 181,  17, 184,  44,  90, 173,  59, 113, 141,  11]],\n",
       "      dtype=int32)"
      ]
     },
     "execution_count": 83,
     "metadata": {},
     "output_type": "execute_result"
    }
   ],
   "source": [
    "# Q1\n",
    "A[[1,3,5]]"
   ]
  },
  {
   "cell_type": "code",
   "execution_count": 75,
   "id": "cc210bea",
   "metadata": {},
   "outputs": [
    {
     "data": {
      "text/plain": [
       "array([[112,  24,  30,  97],\n",
       "       [126, 161,  11, 139],\n",
       "       [197,  67,  68, 199],\n",
       "       [199,  60, 140,  82],\n",
       "       [176,  98,  99, 101],\n",
       "       [120,  17, 173,  11]], dtype=int32)"
      ]
     },
     "execution_count": 75,
     "metadata": {},
     "output_type": "execute_result"
    }
   ],
   "source": [
    "# Q2\n",
    "A[np.arange(6)[:,None],np.array([0,3,7,11])]"
   ]
  },
  {
   "cell_type": "code",
   "execution_count": 76,
   "id": "115702a4",
   "metadata": {},
   "outputs": [
    {
     "data": {
      "text/plain": [
       "array([[189],\n",
       "       [109],\n",
       "       [ 30],\n",
       "       [184]], dtype=int32)"
      ]
     },
     "execution_count": 76,
     "metadata": {},
     "output_type": "execute_result"
    }
   ],
   "source": [
    "# Q3\n",
    "A[np.array([0,1,2,3])[:,None],1]"
   ]
  },
  {
   "cell_type": "code",
   "execution_count": null,
   "id": "5d58982a",
   "metadata": {},
   "outputs": [],
   "source": [
    "# Q4\n",
    "A[np.arange(3,6)[:,None],np.arange(8,12)]"
   ]
  },
  {
   "cell_type": "markdown",
   "id": "178a37ad",
   "metadata": {},
   "source": [
    "### Part 2: Smart Slicing\n",
    "\n",
    "5. Reverse only the middle 4 rows.\n",
    "6. Keep the first half of columns, discard the rest.\n",
    "7. Swap the first and last rows.\n",
    "8. Swap the first and last columns."
   ]
  },
  {
   "cell_type": "code",
   "execution_count": 90,
   "id": "320c923c",
   "metadata": {},
   "outputs": [
    {
     "name": "stdout",
     "output_type": "stream",
     "text": [
      "[[112 189 102  24 116  81 198  30 112 131  84  97]\n",
      " [176  27 141  98  69  23  18  99  62 139  93 101]\n",
      " [199 184 199  60 117  64  73 140  60 144  30  82]\n",
      " [197  30 170  67  31  98  58  68 179 197  24 199]\n",
      " [126 109 113 161 140 159  62  11  97 167  47 139]\n",
      " [120 197 181  17 184  44  90 173  59 113 141  11]]\n"
     ]
    }
   ],
   "source": [
    "# Q5\n",
    "A[1:5]=A[4:0:-1]\n",
    "print(A)\n",
    "resetA()"
   ]
  },
  {
   "cell_type": "code",
   "execution_count": 84,
   "id": "31dce328",
   "metadata": {},
   "outputs": [
    {
     "data": {
      "text/plain": [
       "array([[112, 189, 102,  24, 116,  81, 198],\n",
       "       [126, 109, 113, 161, 140, 159,  62],\n",
       "       [197,  30, 170,  67,  31,  98,  58],\n",
       "       [199, 184, 199,  60, 117,  64,  73],\n",
       "       [176,  27, 141,  98,  69,  23,  18],\n",
       "       [120, 197, 181,  17, 184,  44,  90]], dtype=int32)"
      ]
     },
     "execution_count": 84,
     "metadata": {},
     "output_type": "execute_result"
    }
   ],
   "source": [
    "# Q6\n",
    "A[:,:6]"
   ]
  },
  {
   "cell_type": "code",
   "execution_count": 91,
   "id": "633730c7",
   "metadata": {},
   "outputs": [
    {
     "name": "stdout",
     "output_type": "stream",
     "text": [
      "[[120 197 181  17 184  44  90 173  59 113 141  11]\n",
      " [126 109 113 161 140 159  62  11  97 167  47 139]\n",
      " [197  30 170  67  31  98  58  68 179 197  24 199]\n",
      " [199 184 199  60 117  64  73 140  60 144  30  82]\n",
      " [176  27 141  98  69  23  18  99  62 139  93 101]\n",
      " [112 189 102  24 116  81 198  30 112 131  84  97]]\n"
     ]
    }
   ],
   "source": [
    "# Q7\n",
    "A[0::5] = A[5::-5]\n",
    "print(A)\n",
    "resetA()"
   ]
  },
  {
   "cell_type": "code",
   "execution_count": 101,
   "id": "dbe549d6",
   "metadata": {},
   "outputs": [
    {
     "name": "stdout",
     "output_type": "stream",
     "text": [
      "[[ 97 189 102  24 116  81 198  30 112 131  84 112]\n",
      " [139 109 113 161 140 159  62  11  97 167  47 126]\n",
      " [199  30 170  67  31  98  58  68 179 197  24 197]\n",
      " [ 82 184 199  60 117  64  73 140  60 144  30 199]\n",
      " [101  27 141  98  69  23  18  99  62 139  93 176]\n",
      " [ 11 197 181  17 184  44  90 173  59 113 141 120]]\n"
     ]
    }
   ],
   "source": [
    "# Q8\n",
    "A[:,0::11] = A[:,-1::-11]\n",
    "print(A)\n",
    "resetA()"
   ]
  },
  {
   "cell_type": "markdown",
   "id": "bb92ed37",
   "metadata": {},
   "source": [
    "\n",
    "### Part 3: Boolean & Mask Logic\n",
    "\n",
    "9. Create a mask for values divisible by 5.\n",
    "10. Set all values greater than 150 to 999.\n",
    "11. Extract elements that are:\n",
    "\n",
    "    * greater than 50\n",
    "    * AND less than 120\n",
    "12. Count how many elements are even.\n"
   ]
  },
  {
   "cell_type": "code",
   "execution_count": 102,
   "id": "1882d39c",
   "metadata": {},
   "outputs": [
    {
     "data": {
      "text/plain": [
       "array([[False, False, False, False, False, False, False,  True, False,\n",
       "        False, False, False],\n",
       "       [False, False, False, False,  True, False, False, False, False,\n",
       "        False, False, False],\n",
       "       [False,  True,  True, False, False, False, False, False, False,\n",
       "        False, False, False],\n",
       "       [False, False, False,  True, False, False, False,  True,  True,\n",
       "        False,  True, False],\n",
       "       [False, False, False, False, False, False, False, False, False,\n",
       "        False, False, False],\n",
       "       [ True, False, False, False, False, False,  True, False, False,\n",
       "        False, False, False]])"
      ]
     },
     "execution_count": 102,
     "metadata": {},
     "output_type": "execute_result"
    }
   ],
   "source": [
    "# Q9\n",
    "A%5==0"
   ]
  },
  {
   "cell_type": "code",
   "execution_count": 105,
   "id": "4761e15c",
   "metadata": {},
   "outputs": [
    {
     "name": "stdout",
     "output_type": "stream",
     "text": [
      "[[999 999 999  24 999 999 999  30 999 999 999 999]\n",
      " [999 999 999 999 999 999 999  11 999 999  47 999]\n",
      " [999  30 999 999  31 999 999 999 999 999  24 999]\n",
      " [999 999 999 999 999 999 999 999 999 999  30 999]\n",
      " [999  27 999 999 999  23  18 999 999 999 999 999]\n",
      " [999 999 999  17 999  44 999 999 999 999 999  11]]\n"
     ]
    }
   ],
   "source": [
    "# Q10\n",
    "A[A>50]=999\n",
    "print(A)\n",
    "resetA()"
   ]
  },
  {
   "cell_type": "code",
   "execution_count": 106,
   "id": "256a7f8b",
   "metadata": {},
   "outputs": [
    {
     "data": {
      "text/plain": [
       "array([112, 102, 116,  81, 112,  84,  97, 109, 113,  62,  97,  67,  98,\n",
       "        58,  68,  60, 117,  64,  73,  60,  82,  98,  69,  99,  62,  93,\n",
       "       101,  90,  59, 113], dtype=int32)"
      ]
     },
     "execution_count": 106,
     "metadata": {},
     "output_type": "execute_result"
    }
   ],
   "source": [
    "# Q11\n",
    "A[(A>50) & (A<120)]"
   ]
  },
  {
   "cell_type": "code",
   "execution_count": 107,
   "id": "324d8ea9",
   "metadata": {},
   "outputs": [
    {
     "data": {
      "text/plain": [
       "33"
      ]
     },
     "execution_count": 107,
     "metadata": {},
     "output_type": "execute_result"
    }
   ],
   "source": [
    "# Q12\n",
    "A[A%2==0].shape[0]"
   ]
  },
  {
   "cell_type": "markdown",
   "id": "696bdf95",
   "metadata": {},
   "source": [
    "### Part 4: Sorting With Control\n",
    "\n",
    "13. Sort only the last 3 columns of the array (column-wise).\n",
    "14. Sort rows based on their maximum value.\n",
    "15. Sort rows based on their mean value.\n",
    "16. For each column, find the index of its smallest value.\n"
   ]
  },
  {
   "cell_type": "code",
   "execution_count": 109,
   "id": "a35f41cc",
   "metadata": {},
   "outputs": [
    {
     "name": "stdout",
     "output_type": "stream",
     "text": [
      "[[112 189 102  24 116  81 198  30 112 113  24  11]\n",
      " [126 109 113 161 140 159  62  11  97 131  30  82]\n",
      " [197  30 170  67  31  98  58  68 179 139  47  97]\n",
      " [199 184 199  60 117  64  73 140  60 144  84 101]\n",
      " [176  27 141  98  69  23  18  99  62 167  93 139]\n",
      " [120 197 181  17 184  44  90 173  59 197 141 199]]\n"
     ]
    }
   ],
   "source": [
    "# Q13\n",
    "A[:,-1:-4:-1]=np.sort(A[:,9:],axis=0)\n",
    "print(A)\n",
    "resetA()"
   ]
  },
  {
   "cell_type": "code",
   "execution_count": 116,
   "id": "aafd3d9a",
   "metadata": {},
   "outputs": [
    {
     "data": {
      "text/plain": [
       "array([[176,  27, 141,  98,  69,  23,  18,  99,  62, 139,  93, 101],\n",
       "       [112, 189, 102,  24, 116,  81, 198,  30, 112, 131,  84,  97],\n",
       "       [197,  30, 170,  67,  31,  98,  58,  68, 179, 197,  24, 199],\n",
       "       [120, 197, 181,  17, 184,  44,  90, 173,  59, 113, 141,  11],\n",
       "       [126, 109, 113, 161, 140, 159,  62,  11,  97, 167,  47, 139],\n",
       "       [199, 184, 199,  60, 117,  64,  73, 140,  60, 144,  30,  82]],\n",
       "      dtype=int32)"
      ]
     },
     "execution_count": 116,
     "metadata": {},
     "output_type": "execute_result"
    }
   ],
   "source": [
    "# Q14\n",
    "a = np.sum(A,axis=1)\n",
    "b = np.argsort(a)\n",
    "A[b]"
   ]
  },
  {
   "cell_type": "code",
   "execution_count": 119,
   "id": "14265602",
   "metadata": {},
   "outputs": [
    {
     "data": {
      "text/plain": [
       "array([[176,  27, 141,  98,  69,  23,  18,  99,  62, 139,  93, 101],\n",
       "       [112, 189, 102,  24, 116,  81, 198,  30, 112, 131,  84,  97],\n",
       "       [197,  30, 170,  67,  31,  98,  58,  68, 179, 197,  24, 199],\n",
       "       [120, 197, 181,  17, 184,  44,  90, 173,  59, 113, 141,  11],\n",
       "       [126, 109, 113, 161, 140, 159,  62,  11,  97, 167,  47, 139],\n",
       "       [199, 184, 199,  60, 117,  64,  73, 140,  60, 144,  30,  82]],\n",
       "      dtype=int32)"
      ]
     },
     "execution_count": 119,
     "metadata": {},
     "output_type": "execute_result"
    }
   ],
   "source": [
    "# Q15\n",
    "a = np.mean(A,axis=1)\n",
    "b = np.argsort(a)\n",
    "A[b]"
   ]
  },
  {
   "cell_type": "code",
   "execution_count": 134,
   "id": "a2171f5a",
   "metadata": {},
   "outputs": [
    {
     "data": {
      "text/plain": [
       "(6,)"
      ]
     },
     "execution_count": 134,
     "metadata": {},
     "output_type": "execute_result"
    }
   ],
   "source": [
    "# Q16\n",
    "a = np.argsort(A,axis=0)\n",
    "a[:,0].shape"
   ]
  },
  {
   "cell_type": "markdown",
   "id": "6a9d0549",
   "metadata": {},
   "source": [
    "### Part 5: Thinking Section 🧠\n",
    "\n",
    "17. Without using loops:\n",
    "\n",
    "* For each row, subtract the row mean from every element.\n",
    "\n",
    "18. Reorder columns based on the sorted order of the last row.\n",
    "19. Keep only the largest 2 values per column; set the rest to -1.\n",
    "20. Create a new matrix where:\n",
    "\n",
    "* rows with sum > overall mean sum are kept\n",
    "* others are removed."
   ]
  },
  {
   "cell_type": "code",
   "execution_count": 140,
   "id": "8831ca6c",
   "metadata": {},
   "outputs": [
    {
     "data": {
      "text/plain": [
       "array([[  5.66666667,  82.66666667,  -4.33333333, -82.33333333,\n",
       "          9.66666667, -25.33333333,  91.66666667, -76.33333333,\n",
       "          5.66666667,  24.66666667, -22.33333333,  -9.33333333],\n",
       "       [ 15.08333333,  -1.91666667,   2.08333333,  50.08333333,\n",
       "         29.08333333,  48.08333333, -48.91666667, -99.91666667,\n",
       "        -13.91666667,  56.08333333, -63.91666667,  28.08333333],\n",
       "       [ 87.16666667, -79.83333333,  60.16666667, -42.83333333,\n",
       "        -78.83333333, -11.83333333, -51.83333333, -41.83333333,\n",
       "         69.16666667,  87.16666667, -85.83333333,  89.16666667],\n",
       "       [ 86.33333333,  71.33333333,  86.33333333, -52.66666667,\n",
       "          4.33333333, -48.66666667, -39.66666667,  27.33333333,\n",
       "        -52.66666667,  31.33333333, -82.66666667, -30.66666667],\n",
       "       [ 88.83333333, -60.16666667,  53.83333333,  10.83333333,\n",
       "        -18.16666667, -64.16666667, -69.16666667,  11.83333333,\n",
       "        -25.16666667,  51.83333333,   5.83333333,  13.83333333],\n",
       "       [  9.16666667,  86.16666667,  70.16666667, -93.83333333,\n",
       "         73.16666667, -66.83333333, -20.83333333,  62.16666667,\n",
       "        -51.83333333,   2.16666667,  30.16666667, -99.83333333]])"
      ]
     },
     "execution_count": 140,
     "metadata": {},
     "output_type": "execute_result"
    }
   ],
   "source": [
    "# Q17\n",
    "a = np.mean(A,axis=1)[:,None]\n",
    "A-a\n"
   ]
  },
  {
   "cell_type": "code",
   "execution_count": 149,
   "id": "4977fd39",
   "metadata": {},
   "outputs": [
    {
     "data": {
      "text/plain": [
       "array([[ 97,  24,  81, 112, 198, 131, 112,  84,  30, 102, 116, 189],\n",
       "       [139, 161, 159,  97,  62, 167, 126,  47,  11, 113, 140, 109],\n",
       "       [199,  67,  98, 179,  58, 197, 197,  24,  68, 170,  31,  30],\n",
       "       [ 82,  60,  64,  60,  73, 144, 199,  30, 140, 199, 117, 184],\n",
       "       [101,  98,  23,  62,  18, 139, 176,  93,  99, 141,  69,  27],\n",
       "       [ 11,  17,  44,  59,  90, 113, 120, 141, 173, 181, 184, 197]],\n",
       "      dtype=int32)"
      ]
     },
     "execution_count": 149,
     "metadata": {},
     "output_type": "execute_result"
    }
   ],
   "source": [
    "# Q18\n",
    "a = np.argsort(A[-1])\n",
    "A[:,a]"
   ]
  },
  {
   "cell_type": "code",
   "execution_count": 183,
   "id": "ea246db1",
   "metadata": {},
   "outputs": [
    {
     "name": "stdout",
     "output_type": "stream",
     "text": [
      "[[  0 189   0   0   0   0 198   0 112   0   0   0]\n",
      " [  0   0   0 161 140 159   0   0   0 167   0 139]\n",
      " [197   0   0   0   0  98   0   0 179 197   0 199]\n",
      " [199   0 199   0   0   0   0 140   0   0   0   0]\n",
      " [  0   0   0  98   0   0   0   0   0   0  93   0]\n",
      " [  0 197 181   0 184   0  90 173   0   0 141   0]]\n"
     ]
    }
   ],
   "source": [
    "# Q19\n",
    "a = np.argsort(A,axis=0)[4:].T\n",
    "b = np.zeros_like(A)\n",
    "b[a,np.arange(12)[:,None]]=1\n",
    "mask=b<1\n",
    "A[mask]=0\n",
    "print(A)\n",
    "resetA()"
   ]
  },
  {
   "cell_type": "code",
   "execution_count": 184,
   "id": "19c5c856",
   "metadata": {},
   "outputs": [
    {
     "data": {
      "text/plain": [
       "array([[112, 189, 102,  24, 116,  81, 198,  30, 112, 131,  84,  97],\n",
       "       [126, 109, 113, 161, 140, 159,  62,  11,  97, 167,  47, 139],\n",
       "       [197,  30, 170,  67,  31,  98,  58,  68, 179, 197,  24, 199],\n",
       "       [199, 184, 199,  60, 117,  64,  73, 140,  60, 144,  30,  82],\n",
       "       [176,  27, 141,  98,  69,  23,  18,  99,  62, 139,  93, 101],\n",
       "       [120, 197, 181,  17, 184,  44,  90, 173,  59, 113, 141,  11]],\n",
       "      dtype=int32)"
      ]
     },
     "execution_count": 184,
     "metadata": {},
     "output_type": "execute_result"
    }
   ],
   "source": [
    "# Q20\n",
    "mask1 = np.sum(A,axis=1) > np.sum(np.mean(A,axis=1)) # Since it says mean sum , I will assume its the sum of all the row mean\n",
    "A[mask1]"
   ]
  }
 ],
 "metadata": {
  "kernelspec": {
   "display_name": "Python 3",
   "language": "python",
   "name": "python3"
  },
  "language_info": {
   "codemirror_mode": {
    "name": "ipython",
    "version": 3
   },
   "file_extension": ".py",
   "mimetype": "text/x-python",
   "name": "python",
   "nbconvert_exporter": "python",
   "pygments_lexer": "ipython3",
   "version": "3.14.2"
  }
 },
 "nbformat": 4,
 "nbformat_minor": 5
}
